full=1.5247395837306976
full=2.272413673400879
full=4.051022305488586
maxoutnet2=15.985622711181641
dendrite2=200.45824081420898
maxoutnet4=2.702255699634552
dendrite4=2.8985252952575684
maxoutnet2=645.2346038818359
