full=0.8100000011920925,0.8100000017881394
full=0.7849999976158142,0.7450000047683716
full=0.7599999964237214,0.7299999898672104
maxoutnet2=0.7652000153064731,0.75
dendrite2=0.7101999855041503,0.7699999809265137
maxoutnet4=0.8302000129222872,0.774999977350235
dendrite4=0.8049999856948853,0.7600000202655792
maxoutnet2=0.7750000059604653,0.7249999940395355
